t	y
0.000	0.000
0.033	0.003
0.067	0.011
0.101	0.021
0.134	0.022
0.168	0.019
0.201	0.019
0.235	0.021
0.268	0.025
0.302	0.031
0.335	0.032
0.369	0.033
0.403	0.033
0.436	0.035
0.470	0.039
0.503	0.042
0.537	0.045
0.570	0.046
0.604	0.047
0.637	0.049
0.671	0.051
0.704	0.054
0.738	0.056
0.771	0.058
0.805	0.060
0.839	0.061
0.872	0.063
0.905	0.066
0.939	0.068
0.972	0.069
1.006	0.071
1.039	0.073
1.073	0.074
1.107	0.076
1.140	0.078
1.174	0.081
1.207	0.083
1.241	0.085
1.274	0.087
1.308	0.089
1.341	0.091
1.374	0.093
1.408	0.096
1.442	0.098
1.476	0.100
1.509	0.102
1.542	0.104
1.576	0.106
1.609	0.108
1.643	0.110
1.676	0.112
1.710	0.113
1.744	0.115
1.777	0.116
1.811	0.118
1.844	0.120
1.878	0.122
1.911	0.124
1.945	0.126
1.978	0.128
2.012	0.130
2.045	0.132
2.079	0.134
2.113	0.136
2.146	0.138
2.180	0.139
2.213	0.141
2.246	0.143
2.280	0.145
2.313	0.147
2.347	0.149
2.380	0.151
2.414	0.153
2.448	0.156
2.481	0.158
2.515	0.160
2.548	0.162
2.582	0.164
2.615	0.166
2.649	0.168
2.682	0.170
2.716	0.171
2.749	0.173
2.783	0.175
2.817	0.176
2.850	0.178
2.884	0.179
2.917	0.181
2.950	0.182
2.984	0.183
3.017	0.185
3.051	0.186
3.085	0.188
3.118	0.189
3.152	0.191
3.185	0.192
3.219	0.194
3.252	0.195
3.286	0.196
3.319	0.198
3.353	0.199
3.386	0.201
3.420	0.202
3.454	0.204
3.487	0.205
3.521	0.206
3.554	0.208
3.587	0.209
3.621	0.211
3.655	0.212
3.688	0.214
3.721	0.216
3.755	0.217
3.789	0.219
3.822	0.220
3.856	0.222
3.889	0.223
3.923	0.225
3.956	0.226
3.990	0.228
4.023	0.229
4.057	0.231
4.090	0.232
4.124	0.233
4.158	0.235
4.191	0.236
4.225	0.238
4.258	0.239
4.291	0.240
4.325	0.242
4.358	0.243
4.392	0.244
4.426	0.245
4.459	0.247
