t	y
0.000	0.000
0.033	0.002
0.067	0.010
0.100	0.023
0.134	0.036
0.167	0.049
0.201	0.055
0.234	0.054
0.268	0.051
0.302	0.049
0.335	0.049
0.369	0.053
0.402	0.059
0.436	0.067
0.469	0.073
0.503	0.079
0.536	0.081
0.570	0.082
0.603	0.082
0.637	0.083
0.671	0.086
0.704	0.090
0.737	0.094
0.771	0.100
0.804	0.106
0.838	0.110
0.871	0.113
0.905	0.115
0.939	0.117
0.972	0.119
1.006	0.122
1.140	0.139
1.173	0.143
1.207	0.146
1.240	0.148
1.274	0.150
1.308	0.153
1.341	0.156
1.375	0.159
1.408	0.163
1.442	0.166
1.475	0.170
1.508	0.174
1.542	0.178
1.575	0.181
1.609	0.184
1.643	0.186
1.676	0.188
1.710	0.191
1.743	0.193
