t	y
0.000	0.000
0.034	0.001
0.067	0.006
0.100	0.017
0.134	0.034
0.167	0.048
0.201	0.061
0.234	0.068
0.268	0.065
0.302	0.059
0.335	0.055
0.369	0.055
0.402	0.057
0.436	0.062
0.469	0.071
0.503	0.081
0.536	0.089
0.570	0.095
0.603	0.099
0.637	0.099
0.671	0.099
0.704	0.100
0.738	0.101
0.771	0.105
0.804	0.111
0.838	0.117
0.871	0.123
0.905	0.128
0.938	0.133
0.972	0.136
1.006	0.139
1.039	0.142
1.073	0.145
1.106	0.149
1.140	0.154
1.173	0.160
1.207	0.166
1.240	0.170
1.274	0.176
1.307	0.179
1.341	0.183
1.375	0.186
1.408	0.190
1.442	0.193
1.475	0.197
1.508	0.202
1.542	0.206
1.575	0.210
1.609	0.213
1.643	0.216
1.676	0.219
1.710	0.222
1.743	0.225
1.777	0.228
1.810	0.231
1.844	0.234
1.877	0.238
1.911	0.241
1.944	0.244
1.978	0.247
2.012	0.250
