t	y
0.000	0.000
0.033	0.006
0.067	0.016
0.100	0.032
0.134	0.050
0.167	0.067
0.201	0.079
0.234	0.084
0.268	0.080
0.302	0.074
0.335	0.070
0.369	0.068
0.402	0.070
0.436	0.074
0.469	0.083
0.503	0.094
0.536	0.105
0.569	0.116
0.603	0.123
0.637	0.128
0.671	0.127
0.704	0.126
0.737	0.126
0.771	0.126
0.804	0.129
0.838	0.133
0.871	0.140
0.905	0.147
0.939	0.155
0.972	0.161
1.006	0.166
1.039	0.169
1.073	0.171
1.106	0.171
1.140	0.173
1.173	0.175
1.207	0.178
1.240	0.183
1.274	0.188
1.308	0.193
1.341	0.198
1.375	0.202
1.408	0.206
1.441	0.207
1.475	0.209
1.508	0.210
1.542	0.212
1.575	0.214
1.609	0.217
1.643	0.221
1.676	0.225
1.710	0.229
1.743	0.233
1.777	0.235
1.810	0.238
1.844	0.240
1.877	0.241
1.911	0.243
1.944	0.246
1.978	0.249
