t	y
0.000	0.000
0.033	0.003
0.067	0.012
0.101	0.024
0.134	0.035
0.168	0.044
0.201	0.043
0.235	0.039
0.268	0.036
0.302	0.036
0.335	0.039
0.369	0.044
0.402	0.053
0.436	0.059
0.470	0.064
0.503	0.063
0.537	0.063
0.570	0.063
0.603	0.065
0.637	0.068
0.671	0.073
0.704	0.077
0.737	0.081
0.771	0.085
0.805	0.086
0.838	0.088
0.872	0.089
0.905	0.091
0.939	0.096
0.972	0.100
1.006	0.103
1.039	0.106
1.073	0.109
1.106	0.111
1.140	0.113
1.174	0.115
1.207	0.119
1.241	0.122
1.274	0.125
1.308	0.128
1.341	0.132
1.374	0.135
1.408	0.137
1.442	0.140
1.476	0.143
1.509	0.146
1.542	0.149
1.576	0.153
1.609	0.156
1.643	0.159
1.676	0.162
1.710	0.165
1.743	0.168
1.777	0.171
1.811	0.172
1.844	0.174
1.878	0.176
1.911	0.178
1.945	0.181
1.978	0.184
2.012	0.187
2.045	0.189
2.078	0.191
2.112	0.193
2.146	0.195
2.179	0.197
2.213	0.199
2.246	0.202
2.280	0.205
2.313	0.207
2.347	0.210
2.380	0.213
2.414	0.215
2.447	0.218
2.481	0.220
2.515	0.222
2.548	0.225
2.582	0.228
2.615	0.231
2.649	0.233
2.682	0.236
2.716	0.238
2.749	0.241
2.783	0.243
2.817	0.246
2.850	0.248
2.883	0.251
