t	y
0.000	0.000
0.034	0.002
0.067	0.010
0.101	0.019
0.134	0.022
0.168	0.021
0.201	0.017
0.235	0.017
0.268	0.020
0.301	0.025
0.335	0.030
0.369	0.032
0.402	0.032
0.436	0.031
0.469	0.032
0.503	0.035
0.536	0.038
0.570	0.041
0.603	0.042
0.637	0.043
0.671	0.044
0.704	0.046
0.738	0.048
0.771	0.050
0.805	0.052
0.838	0.054
0.872	0.054
0.905	0.056
0.939	0.058
0.972	0.059
1.006	0.061
1.039	0.063
1.073	0.064
1.107	0.065
1.140	0.067
1.173	0.069
1.207	0.070
1.240	0.072
1.274	0.073
1.307	0.074
1.341	0.076
1.375	0.078
1.408	0.079
1.442	0.081
1.475	0.082
1.509	0.084
1.542	0.085
1.576	0.087
1.609	0.088
1.643	0.090
1.676	0.092
1.710	0.093
1.744	0.094
1.777	0.096
1.810	0.097
1.844	0.099
1.877	0.101
1.911	0.102
1.944	0.104
1.978	0.105
2.012	0.107
