t	y
0.000	0.000
0.034	0.002
0.067	0.010
0.101	0.019
0.134	0.022
0.168	0.021
0.201	0.017
0.235	0.017
0.268	0.020
0.301	0.025
0.335	0.030
0.369	0.032
0.402	0.032
0.436	0.031
0.469	0.032
0.503	0.035
0.536	0.038
0.570	0.041
0.603	0.042
0.637	0.043
0.671	0.044
0.704	0.046
0.738	0.048
0.771	0.050
0.805	0.052
0.838	0.054
0.872	0.054
0.905	0.056
0.939	0.058
0.972	0.059
1.006	0.061
1.039	0.063
1.073	0.064
1.107	0.065
1.140	0.067
1.173	0.069
1.207	0.070
1.240	0.072
1.274	0.073
1.307	0.074
1.341	0.076
1.375	0.078
1.408	0.079
1.442	0.081
1.475	0.082
1.509	0.084
1.542	0.085
1.576	0.087
1.609	0.088
1.643	0.090
1.676	0.092
1.710	0.093
1.744	0.094
1.777	0.096
1.810	0.097
1.844	0.099
1.877	0.101
1.911	0.102
1.944	0.104
1.978	0.105
2.012	0.107
2.045	0.108
2.079	0.110
2.112	0.111
2.146	0.113
2.179	0.114
2.213	0.116
2.246	0.117
2.280	0.119
2.313	0.121
2.347	0.122
2.381	0.124
2.414	0.125
2.448	0.126
2.481	0.128
2.514	0.129
2.548	0.131
2.581	0.133
2.615	0.134
2.648	0.136
2.682	0.138
2.716	0.139
2.749	0.141
2.783	0.142
2.816	0.144
2.850	0.145
2.883	0.147
2.917	0.149
2.950	0.151
2.984	0.152
3.017	0.154
3.051	0.155
3.085	0.157
3.118	0.159
3.152	0.161
3.185	0.162
3.218	0.163
3.252	0.165
3.285	0.167
3.319	0.168
3.353	0.170
3.386	0.171
3.420	0.173
3.453	0.175
3.487	0.177
3.520	0.178
3.554	0.180
3.587	0.181
3.621	0.183
3.654	0.185
3.688	0.187
3.722	0.189
3.755	0.190
3.789	0.192
3.822	0.193
3.856	0.195
3.889	0.197
3.922	0.199
3.956	0.201
3.989	0.202
4.023	0.204
4.057	0.205
4.090	0.206
4.124	0.208
4.157	0.210
4.191	0.211
4.224	0.212
4.258	0.213
4.291	0.215
4.325	0.217
4.358	0.218
4.392	0.220
4.426	0.221
4.459	0.222
4.493	0.223
4.526	0.225
4.559	0.227
4.593	0.228
4.626	0.229
4.660	0.230
4.694	0.231
4.727	0.232
4.761	0.234
4.794	0.235
4.828	0.237
4.861	0.238
4.895	0.239
4.928	0.240
4.962	0.241
4.995	0.243
5.029	0.244
5.063	0.245
5.096	0.247
5.130	0.248
5.163	0.249
5.196	0.250
5.230	0.252
