t	y
0.000	0.000
0.033	0.001
0.067	0.008
0.100	0.018
0.134	0.033
0.167	0.047
0.201	0.058
0.235	0.059
0.268	0.054
0.302	0.049
0.335	0.047
0.369	0.049
0.402	0.053
0.436	0.061
0.469	0.071
0.503	0.078
0.536	0.084
0.570	0.085
0.604	0.084
0.637	0.084
0.670	0.085
0.704	0.087
0.737	0.091
0.771	0.097
0.804	0.102
0.838	0.107
0.871	0.111
0.905	0.114
0.939	0.115
0.972	0.117
1.006	0.118
1.039	0.121
1.073	0.126
1.106	0.130
1.140	0.135
1.173	0.139
1.207	0.142
1.240	0.145
1.274	0.147
1.308	0.149
1.341	0.152
1.374	0.155
1.408	0.159
1.441	0.163
1.475	0.167
1.508	0.171
1.542	0.175
1.576	0.177
1.609	0.179
1.643	0.182
1.676	0.185
1.710	0.188
1.743	0.191
1.777	0.195
1.810	0.199
1.843	0.201
1.877	0.205
1.911	0.207
1.945	0.210
1.978	0.212
2.012	0.214
2.045	0.217
2.078	0.220
2.112	0.223
2.145	0.225
2.179	0.228
2.212	0.230
2.246	0.233
2.280	0.235
2.313	0.237
2.347	0.240
2.380	0.242
2.414	0.245
2.447	0.247
2.481	0.249
2.514	0.252
2.548	0.254
