t	y
0.000	0.000
0.034	0.006
0.068	0.018
0.101	0.036
0.134	0.055
0.168	0.072
0.201	0.084
0.235	0.087
0.268	0.079
0.302	0.072
0.335	0.066
0.369	0.064
0.403	0.066
0.436	0.071
0.470	0.081
0.503	0.094
0.537	0.107
0.570	0.118
0.603	0.126
0.637	0.130
0.671	0.128
0.704	0.126
0.738	0.126
0.772	0.126
0.805	0.129
0.838	0.135
0.872	0.143
0.905	0.152
0.939	0.161
0.972	0.168
1.006	0.174
1.040	0.176
1.073	0.177
1.107	0.177
1.140	0.178
1.174	0.181
1.207	0.185
1.241	0.190
1.274	0.197
1.308	0.203
1.341	0.209
1.375	0.215
1.409	0.218
1.442	0.221
1.475	0.222
1.509	0.224
1.542	0.226
1.576	0.229
1.609	0.233
1.643	0.237
1.676	0.242
1.710	0.247
1.744	0.253
