t	y
0.000	0.000
0.034	0.003
0.067	0.015
0.101	0.031
0.134	0.057
0.168	0.075
0.201	0.090
0.235	0.102
0.268	0.107
0.302	0.102
0.335	0.096
0.369	0.092
0.403	0.090
0.436	0.091
0.470	0.095
0.503	0.104
0.537	0.116
0.570	0.128
0.603	0.140
0.637	0.151
0.671	0.158
0.704	0.163
0.738	0.164
0.771	0.165
0.805	0.165
0.838	0.167
0.872	0.171
0.905	0.178
0.939	0.185
0.972	0.194
1.006	0.203
1.040	0.211
1.073	0.218
1.107	0.223
1.140	0.225
1.174	0.226
1.207	0.227
1.241	0.229
1.274	0.232
1.308	0.236
1.341	0.241
1.375	0.248
