t	y
0.000	0.000
0.033	0.006
0.067	0.015
0.101	0.028
0.134	0.040
0.168	0.046
0.201	0.044
0.235	0.040
0.268	0.038
0.302	0.039
0.335	0.044
0.369	0.051
0.402	0.059
0.436	0.066
0.470	0.068
0.503	0.066
0.537	0.065
0.570	0.066
0.603	0.068
0.637	0.072
0.670	0.076
0.704	0.081
0.737	0.084
0.771	0.086
0.805	0.087
0.838	0.088
0.872	0.090
0.905	0.092
0.939	0.096
0.972	0.099
1.006	0.103
1.039	0.106
1.073	0.108
1.106	0.110
1.140	0.111
1.174	0.113
1.207	0.116
1.241	0.120
1.274	0.123
1.308	0.125
1.341	0.128
1.374	0.130
1.408	0.132
1.442	0.135
1.476	0.138
1.509	0.141
1.542	0.144
1.576	0.147
1.609	0.150
1.643	0.153
1.676	0.155
1.710	0.159
1.743	0.161
1.777	0.164
1.811	0.168
1.844	0.171
1.878	0.175
1.911	0.178
1.945	0.180
1.978	0.182
2.012	0.184
2.045	0.185
2.078	0.188
2.112	0.190
2.146	0.193
2.179	0.196
2.213	0.200
2.246	0.203
2.280	0.206
2.313	0.208
2.347	0.210
2.380	0.213
2.414	0.215
2.447	0.218
2.481	0.221
2.515	0.223
2.548	0.225
2.582	0.226
2.615	0.228
2.649	0.230
2.682	0.233
2.716	0.236
2.749	0.238
2.783	0.241
2.816	0.243
2.850	0.245
2.883	0.248
2.917	0.250
2.950	0.252
