t	y
0.000	0.000
0.033	0.003
0.067	0.010
0.100	0.022
0.134	0.038
0.167	0.054
0.201	0.066
0.235	0.071
0.268	0.069
0.302	0.065
0.335	0.064
0.369	0.065
0.402	0.068
0.436	0.075
0.469	0.084
0.503	0.093
0.536	0.101
0.570	0.107
0.604	0.111
0.637	0.112
0.671	0.113
0.704	0.115
0.737	0.118
0.771	0.122
0.804	0.128
0.838	0.134
0.871	0.140
0.905	0.145
0.939	0.150
0.972	0.154
1.006	0.158
1.039	0.161
1.073	0.165
1.106	0.169
1.140	0.173
1.173	0.178
1.207	0.183
1.240	0.188
1.274	0.192
1.308	0.196
1.341	0.199
1.375	0.202
1.408	0.205
1.441	0.208
1.475	0.212
1.508	0.215
1.542	0.219
1.576	0.223
1.609	0.227
1.643	0.230
1.676	0.233
1.710	0.236
1.743	0.239
1.777	0.242
1.810	0.246
1.844	0.249
