t	y
0.000	0.000
0.033	0.002
0.067	0.011
0.100	0.021
0.134	0.036
0.167	0.054
0.201	0.067
0.235	0.072
0.268	0.068
0.302	0.063
0.335	0.059
0.369	0.059
0.402	0.060
0.436	0.066
0.469	0.075
0.503	0.086
0.536	0.094
0.570	0.102
0.604	0.105
0.637	0.105
0.671	0.104
0.704	0.104
0.737	0.105
0.771	0.108
0.804	0.113
0.838	0.120
0.872	0.126
0.905	0.132
0.939	0.137
0.972	0.140
1.006	0.143
1.039	0.145
1.073	0.147
1.106	0.151
1.140	0.155
1.173	0.160
1.207	0.166
1.241	0.171
1.274	0.176
1.308	0.181
1.341	0.184
1.375	0.187
1.408	0.191
1.441	0.193
1.475	0.197
1.508	0.201
1.542	0.205
1.576	0.209
1.609	0.214
1.643	0.218
1.676	0.222
1.710	0.225
1.743	0.229
1.777	0.232
1.810	0.236
1.844	0.239
1.877	0.243
1.911	0.247
1.945	0.251
