t	y
0.000	0.000
0.033	0.001
0.067	0.007
0.101	0.020
0.134	0.040
0.168	0.057
0.201	0.073
0.235	0.084
0.268	0.087
0.302	0.080
0.335	0.072
0.369	0.065
0.402	0.063
0.436	0.064
0.470	0.069
0.503	0.079
0.537	0.093
0.570	0.106
0.604	0.118
0.637	0.125
0.671	0.130
0.704	0.128
0.737	0.127
0.771	0.126
0.805	0.127
0.838	0.130
0.872	0.136
0.905	0.144
0.939	0.154
0.972	0.163
1.006	0.170
1.039	0.175
1.073	0.178
1.106	0.178
1.140	0.178
1.174	0.179
1.207	0.182
1.241	0.186
1.274	0.192
1.308	0.200
1.341	0.208
1.374	0.214
1.408	0.220
1.442	0.223
1.476	0.224
1.509	0.224
1.542	0.225
1.576	0.226
1.609	0.229
1.643	0.233
1.676	0.239
1.710	0.245
1.743	0.251
