t	y
0.000	0.000
0.034	0.003
0.067	0.011
0.101	0.018
0.134	0.023
0.168	0.019
0.201	0.017
0.235	0.017
0.268	0.020
0.302	0.025
0.335	0.030
0.369	0.032
0.403	0.032
0.436	0.032
0.470	0.033
0.503	0.036
0.537	0.039
0.570	0.042
0.604	0.043
0.637	0.044
0.670	0.045
0.704	0.047
0.738	0.049
0.772	0.052
0.805	0.054
0.838	0.055
0.872	0.056
0.905	0.057
0.939	0.059
0.972	0.061
1.006	0.063
1.039	0.064
1.073	0.065
1.107	0.067
1.140	0.069
1.174	0.071
1.207	0.073
1.241	0.074
1.274	0.076
1.308	0.077
1.341	0.079
1.374	0.080
1.408	0.083
1.442	0.085
1.476	0.086
1.509	0.088
1.542	0.090
1.576	0.092
1.609	0.094
1.643	0.096
1.676	0.098
1.710	0.100
1.744	0.102
1.777	0.104
1.811	0.106
1.844	0.108
1.878	0.109
1.911	0.111
1.945	0.113
1.978	0.116
2.012	0.117
2.045	0.119
2.079	0.121
2.113	0.122
2.146	0.125
2.179	0.127
2.213	0.129
2.246	0.130
2.280	0.132
2.313	0.134
2.347	0.136
2.380	0.138
2.414	0.140
2.448	0.142
2.481	0.144
2.515	0.146
2.548	0.148
2.582	0.150
2.615	0.152
2.649	0.154
2.682	0.156
2.716	0.158
2.749	0.160
2.783	0.162
2.817	0.164
2.850	0.166
2.883	0.168
2.917	0.170
2.950	0.172
2.984	0.174
3.017	0.175
3.051	0.178
3.085	0.180
3.118	0.182
3.152	0.184
3.185	0.186
3.219	0.188
3.252	0.189
3.286	0.191
3.319	0.193
3.353	0.195
3.386	0.197
3.420	0.199
3.454	0.201
3.487	0.203
3.521	0.205
3.554	0.206
3.587	0.208
3.621	0.210
3.654	0.212
3.688	0.214
3.721	0.215
3.755	0.217
3.789	0.219
3.822	0.221
3.856	0.222
3.889	0.224
3.923	0.226
3.956	0.227
3.990	0.229
4.023	0.231
4.057	0.232
4.090	0.234
4.124	0.235
4.158	0.237
4.191	0.238
4.225	0.240
4.258	0.242
4.291	0.243
4.325	0.245
4.358	0.246
4.392	0.248
4.426	0.249
4.459	0.251
4.493	0.252
