t	y
0.000	0.000
0.034	0.005
0.067	0.016
0.101	0.029
0.134	0.045
0.168	0.057
0.201	0.059
0.235	0.054
0.268	0.048
0.301	0.045
0.335	0.045
0.369	0.048
0.402	0.055
0.436	0.064
0.469	0.074
0.503	0.082
0.536	0.083
0.570	0.081
0.603	0.079
0.637	0.078
0.671	0.080
0.704	0.084
0.738	0.089
0.771	0.095
0.805	0.101
0.838	0.105
0.872	0.107
0.905	0.108
0.939	0.108
0.972	0.109
1.006	0.111
1.040	0.115
1.073	0.120
1.106	0.125
1.140	0.129
1.173	0.132
1.207	0.135
1.240	0.136
1.274	0.138
1.307	0.140
1.341	0.143
1.375	0.147
1.408	0.151
