t	y
0.000	0.000
0.034	0.003
0.067	0.011
0.101	0.018
0.134	0.023
0.168	0.019
0.201	0.017
0.235	0.017
0.268	0.020
0.302	0.025
0.335	0.030
0.369	0.032
0.403	0.032
0.436	0.032
0.470	0.033
0.503	0.036
0.537	0.039
0.570	0.042
0.604	0.043
0.637	0.044
0.670	0.045
0.704	0.047
0.738	0.049
0.772	0.052
0.805	0.054
0.838	0.055
0.872	0.056
0.905	0.057
0.939	0.059
0.972	0.061
1.006	0.063
1.039	0.064
1.073	0.065
1.107	0.067
1.140	0.069
1.174	0.071
1.207	0.073
1.241	0.074
1.274	0.076
1.308	0.077
1.341	0.079
1.374	0.080
1.408	0.083
1.442	0.085
1.476	0.086
1.509	0.088
