t	y
0.000	0.000
0.033	0.002
0.067	0.013
0.100	0.030
0.134	0.046
0.168	0.070
0.201	0.087
0.235	0.100
0.268	0.106
0.302	0.103
0.335	0.097
0.369	0.091
0.402	0.089
0.436	0.089
0.469	0.093
0.503	0.101
0.537	0.112
0.570	0.124
0.604	0.137
0.637	0.149
0.670	0.157
0.704	0.163
0.738	0.166
0.771	0.167
0.805	0.168
0.838	0.169
0.872	0.172
0.905	0.177
0.939	0.184
0.972	0.193
1.006	0.202
1.039	0.210
1.073	0.217
1.106	0.223
1.140	0.228
1.174	0.231
1.207	0.233
1.241	0.235
1.274	0.238
1.308	0.241
1.341	0.246
1.374	0.251
