t	y
0.000	0.000
0.034	0.003
0.067	0.013
0.100	0.021
0.134	0.037
0.168	0.046
0.201	0.047
0.235	0.041
0.268	0.036
0.302	0.035
0.335	0.039
0.369	0.045
0.402	0.054
0.436	0.062
0.469	0.069
0.503	0.069
0.537	0.069
0.570	0.068
0.604	0.070
0.637	0.073
0.671	0.078
0.704	0.083
0.737	0.089
0.771	0.093
0.805	0.096
0.838	0.098
0.872	0.099
0.905	0.101
0.939	0.104
0.972	0.108
1.006	0.113
1.039	0.117
1.073	0.120
1.106	0.123
1.140	0.126
1.174	0.128
1.207	0.131
1.241	0.135
1.274	0.139
1.308	0.143
1.341	0.147
1.374	0.150
1.408	0.153
1.442	0.156
1.475	0.159
1.509	0.163
1.542	0.167
1.576	0.172
1.609	0.176
1.643	0.180
1.676	0.183
1.710	0.187
1.743	0.189
1.777	0.191
1.810	0.192
1.844	0.195
1.878	0.199
1.911	0.203
1.945	0.207
1.978	0.210
2.012	0.214
2.045	0.215
2.079	0.217
2.112	0.218
2.146	0.220
2.179	0.222
2.213	0.226
2.247	0.229
2.280	0.233
2.313	0.236
2.347	0.238
2.380	0.239
2.414	0.241
2.447	0.243
2.481	0.245
2.515	0.248
2.548	0.252
